/* GLoBESfit -- GLoBES fitting tools
*  (C) 2019-2020 The GLoBESfit Team
*
* GLoBESfit is mainly intended for academic purposes. Proper
* credit must be given if you use GLoBESfit or parts of it. Please
* read the section 'Credit' in the README file.
*
* This program is free software; you can redistribute it and/or modify
* it under the terms of the GNU General Public License as published by
* the Free Software Foundation; either version 2 of the License, or
* (at your option) any later version.
*
* This program is distributed in the hope that it will be useful,
* but WITHOUT ANY WARRANTY; without even the implied warranty of
* MERCHANTABILITY or FITNESS FOR A PARTICULAR PURPOSE.  See the
* GNU General Public License for more details.
*
* You should have received a copy of the GNU General Public License
* along with this program; if not, write to the Free Software
* Foundation, Inc., 59 Temple Place, Suite 330, Boston, MA  02111-1307  USA
*/

#ifndef GLF_SPECTRUM_AUX_1_H
#define GLF_SPECTRUM_AUX_1_H

/*
  This is an auxiliary header file into which I'm stuffing the obnoxiously long tables of
  oscillation probabilities used at DANSS, Daya Bay and NEOS
*/

/****************************************
*  INPUTS FOR THE SPECTRAL MEASUREMENTS *
*****************************************/

  /**********
  *  DANSS  *
  ***********/

static const double DANSSCovariance[24][24] = {{6219.03, -272.466, -353.812, -428.275, -460.816, -483.069, -484.98, -471.667, -471.811, -431.536, -389.352, -355.929, -314.172, -272.321, -232.762, -185.965, -152.282, -113.565, -90.1035, -66.2294, -46.8092, -36.4263, -25.6128, -17.1521}, {-272.466, 9201.46, -532.697, -644.808, -693.802, -727.306, -730.182, -710.139, -710.356, -649.718, -586.205, -535.885, -473.015, -410.005, -350.445, -279.987, -229.275, -170.982, -135.659, -99.7146, -70.4757, -54.8432, -38.5625, -25.8241}, {-353.812, -532.697, 11653.9, -837.317, -900.938, -944.444, -948.179, -922.152, -922.434, -843.693, -761.218, -695.874, -614.234, -532.413, -455.071, -363.578, -297.726, -222.029, -176.161, -129.485, -91.5163, -71.2167, -50.0754, -33.5339}, {-428.275, -644.808, -837.317, 14228., -1090.55, -1143.21, -1147.73, -1116.23, -1116.57, -1021.26, -921.424, -842.328, -743.506, -644.464, -550.845, -440.097, -360.385, -268.758, -213.235, -156.736, -110.777, -86.205, -60.6143, -40.5914}, {-460.816, -693.802, -900.938, -1090.55, 15263.1, -1230.08, -1234.94, -1201.04, -1201.41, -1098.85, -991.436, -906.33, -799.999, -693.432, -592.7, -473.536, -387.768, -289.178, -229.438, -168.645, -119.194, -92.7551, -65.2199, -43.6757}, {-483.069, -727.306, -944.444, -1143.21, -1230.08, 16023.5, -1294.58, -1259.04, -1259.43, -1151.92, -1039.31, -950.097, -838.631, -726.918, -621.321, -496.403, -406.493, -303.143, -240.517, -176.789, -124.95, -97.2342, -68.3694, -45.7848}, {-484.98, -730.182, -948.179, -1147.73, -1234.94, -1294.58, 16013.3, -1264.02, -1264.41, -1156.47, -1043.42, -953.854, -841.948, -729.793, -623.778, -498.366, -408.101, -304.342, -241.468, -177.488, -125.444, -97.6188, -68.6398, -45.9658}, {-471.667, -710.139, -922.152, -1116.23, -1201.04, -1259.04, -1264.02, 15636.9, -1229.7, -1124.73, -1014.78, -927.671, -818.836, -709.76, -606.656, -484.686, -396.899, -295.988, -234.84, -172.616, -122.001, -94.9392, -66.7556, -44.7041}, {-471.811, -710.356, -922.434, -1116.57, -1201.41, -1259.43, -1264.41, -1229.7, 16082.9, -1125.07, -1015.09, -927.954, -819.087, -709.977, -606.841, -484.835, -397.02, -296.078, -234.912, -172.669, -122.038, -94.9682, -66.776, -44.7177}, {-431.536, -649.718, -843.693, -1021.26, -1098.85, -1151.92, -1156.47, -1124.73, -1125.07, 14596., -928.441, -848.742, -749.168, -649.372, -555.04, -443.448, -363.129, -270.804, -214.859, -157.93, -111.62, -86.8615, -61.0759, -40.9005}, {-389.352, -586.205, -761.218, -921.424, -991.436, -1039.31, -1043.42, -1014.78, -1015.09, -928.441, 13003.1, -765.774, -675.933, -585.893, -500.782, -400.099, -327.632, -244.332, -193.856, -142.491, -100.709, -78.3704, -55.1054, -36.9023}, {-355.929, -535.885, -695.874, -842.328, -906.33, -950.097, -953.854, -927.671, -927.954, -848.742, -765.774, 12213.2, -617.91, -535.599, -457.794, -365.754, -299.507, -223.358, -177.215, -130.26, -92.064, -71.643, -50.3751, -33.7346}, {-314.172, -473.015, -614.234, -743.506, -799.999, -838.631, -841.948, -818.836, -819.087, -749.168, -675.933, -617.91, 10771.9, -472.763, -404.086, -322.844, -264.369, -197.154, -156.424, -114.977, -81.2631, -63.2378, -44.4651, -29.7768}, {-272.321, -410.005, -532.413, -644.464, -693.432, -726.918, -729.793, -709.76, -709.977, -649.372, -585.893, -535.599, -472.763, 9590.21, -350.258, -279.838, -229.153, -170.891, -135.587, -99.6615, -70.4381, -54.814, -38.542, -25.8103}, {-232.762, -350.445, -455.071, -550.845, -592.7, -621.321, -623.778, -606.656, -606.841, -555.04, -500.782, -457.794, -404.086, -350.258, 8274.01, -239.187, -195.865, -146.066, -115.891, -85.184, -60.2058, -46.8513, -32.9431, -22.0609}, {-185.965, -279.987, -363.578, -440.097, -473.536, -496.403, -498.366, -484.686, -484.835, -443.448, -400.099, -365.754, -322.844, -279.838, -239.187, 6418.72, -156.486, -116.699, -92.5906, -68.0576, -48.1013, -37.4318, -26.3198, -17.6255}, {-152.282, -229.275, -297.726, -360.385, -387.768, -406.493, -408.101, -396.899, -397.02, -363.129, -327.632, -299.507, -264.369, -229.153, -195.865, -156.486, 5278.43, -95.5624, -75.8204, -55.7308, -39.3891, -30.652, -21.5527, -14.4331}, {-113.565, -170.982, -222.029, -268.758, -289.178, -303.143, -304.342, -295.988, -296.078, -270.804, -244.332, -223.358, -197.154, -170.891, -146.066, -116.699, -95.5624, 3834.98, -56.5431, -41.5613, -29.3744, -22.8588, -16.0729, -10.7635}, {-90.1035, -135.659, -176.161, -213.235, -229.438, -240.517, -241.468, -234.84, -234.912, -214.859, -193.856, -177.215, -156.424, -135.587, -115.891, -92.5906, -75.8204, -56.5431, 3111.31, -32.9752, -23.306, -18.1364, -12.7525, -8.53991}, {-66.2294, -99.7146, -129.485, -156.736, -168.645, -176.789, -177.488, -172.616, -172.669, -157.93, -142.491, -130.26, -114.977, -99.6615, -85.184, -68.0576, -55.7308, -41.5613, -32.9752, 2200.75, -17.1308, -13.3309, -9.37354, -6.27715}, {-46.8092, -70.4757, -91.5163, -110.777, -119.194, -124.95, -125.444, -122.001, -122.038, -111.62, -100.709, -92.064, -81.2631, -70.4381, -60.2058, -48.1013, -39.3891, -29.3744, -23.306, -17.1308, 1575.17, -9.42196, -6.62497, -4.43653}, {-36.4263, -54.8432, -71.2167, -86.205, -92.7551, -97.2342, -97.6188, -94.9392, -94.9682, -86.8615, -78.3704, -71.643, -63.2378, -54.814, -46.8513, -37.4318, -30.652, -22.8588, -18.1364, -13.3309, -9.42196, 1314.98, -5.15546, -3.45244}, {-25.6128, -38.5625, -50.0754, -60.6143, -65.2199, -68.3694, -68.6398, -66.7556, -66.776, -61.0759, -55.1054, -50.3751, -44.4651, -38.542, -32.9431, -26.3198, -21.5527, -16.0729, -12.7525, -9.37354, -6.62497, -5.15546, 937.321, -2.42755}, {-17.1521, -25.8241, -33.5339, -40.5914, -43.6757, -45.7848, -45.9658, -44.7041, -44.7177, -40.9005, -36.9023, -33.7346, -29.7768, -25.8103, -22.0609, -17.6255, -14.4331, -10.7635, -8.53991, -6.27715, -4.43653, -3.45244, -2.42755, 645.837}};

  /*************
  *  DAYA BAY  *
  **************/

/*
  This is the (inverse of the) combined covariance matrix for the EH2/EH1
  and EH3/EH1 measurements
*/

static const double DayaBayCovariance[52][52] = {{19632.8, -2143.99, -2430.76, -1698.85, -1980.86, -2362.91, -2319.75, -910.477, -901.463, -900.198, -558.582, -57.6995, -273.11, -476.259, 373.772, 150.943, 214.351, 483.15, 366.228, 604.207, 1082.31, 531.655, 417.222, 211.659, 180.637, -262.439, -14234.4, 670.961, 894.874, 361.286, 551.759, 197.095, 645.116, 323.132, 494.411, -675.477, 89.4626, -708.8, -938.995, -430.87, -1231.32, 396.428, -658.401, -833.472, -1195.58, -597.854, -740.026, 245.918, -53.3721, 201.333, -32.7166, 293.355}, {-2143.99, 29839.4, -3343.29, -4199.43, -2518.89, -3124.81, -2779.14, -2441.96, -2173.52, -1735., -481.013, -535.473, 148.38, 1050.02, -856.649, 490.677, 673.631, 1244.12, 1046.62, 787.646, 771.222, 329.361, 697.605, 449.873, 589.842, -336.142, 735.117, -22629.8, 83.3556, 1670.18, -53.2454, -41.8731, -1640.44, 1027.85, 1371.95, -342.2, -4158.69, -1610.26, -711.942, -893.185, 1807.42, -2827.21, -347.095, -1678.29, -752.555, -492.183, 499.436, -413.733, -676.158, 183.594, -223.163, 406.185}, {-2430.76, -3343.29, 43055.3, -3770.31, -3390.02, -3952.97, -3463.86, -2248.71, -2867.76, -2740.67, -1386.11, -650.53, -1201.37, -1742.39, -693.829, -121.088, 540.707, 1159.95, 1320.5, 1019.61, 767.501, 1088.55, 639.535, 535.761, 150.432, -274.552, 831.789, 1346.96, -32898., 1192.34, -471.236, 959.722, 376.566, -418.943, -2182.69, -567.804, 126.677, -1626.41, 162.718, -1298.7, -1836.83, 34.4442, -1109.55, -2316.11, -1318.2, 1496.38, -583.872, -426.213, -723.39, 220.341, 419.047, 252.843}, {-1698.85, -4199.43, -3770.31, 52046.3, -4930.1, -4140.18, -5317.55, -4517.46, -3111.51, -2378.27, -2186.57, -1615.56, -182.658, -1430.8, 291.409, 238.862, -254.188, 520.063, 970.358, 982.278, 1034.42, 529.983, 845.618, 443.952, 103.216, -282.891, 3.08869, 2939.97, 2949.77, -41175.4, -538.522, -587.008, 1671.68, 36.3877, -2759.45, -582.231, -2540.41, 348.333, -2572.11, -1391.47, -2595.16, -842.86, 89.174, 497.308, -621.301, 1169.94, -499.219, -864.052, -69.1029, -528.428, 719.852, 396.624}, {-1980.86, -2518.89, -3390.02, -4930.1, 60661.5, -5031.19, -5292.53, -4434.71, -3651.17, -3597.8, -2828.87, -1603.17, -1594.65, -834.786, -1315.48, -416.537, -41.2118, 451.356, 706.371, 464.65, 671.468, 944.795, 1041.79, 833.708, 127.431, -335.739, -76.0167, -468.67, -1304.2, -1658.89, -49782.9, -728.676, -521.257, -216.764, -448.401, 1561.83, -2663.87, -1256.49, 1168.94, -1065.6, 1414.4, -1838.63, -963.492, 678.109, -542.816, -1362.69, -357.519, -453.481, 275.8, -263.978, -314.09, 599.852}, {-2362.91, -3124.81, -3952.97, -4140.18, -5031.19, 68388.6, -5962.03, -5609.92, -5180.42, -4081.09, -2864.26, -855.289, -2277.16, -2175.06, -1209.56, 6.20435, 846.681, -374.999, 167.985, 398.972, -24.3611, 1007.62, 899.389, 431.877, 280.79, -251.998, 141.257, -133.134, 1610.98, 419.445, -830.858, -53547.3, 1458.73, -1595.14, 2029.04, -728.955, -691.001, -3454.02, -287.692, -2002.82, -3686.98, 235.871, -30.4878, 780.249, 1008.87, 229.268, -1806.04, 264.377, -412.925, 704.011, -106.04, 357.552}, {-2319.75, -2779.14, -3463.86, -5317.55, -5292.53, -5962.03, 70499.3, -4644.24, -4815.08, -2768.79, -2871.66, -2929.2, -3367.56, -1043.1, -1591.91, -1705.09, -682.404, -180.139, 441.273, -175.059, 422.11, 205.057, 335.296, 183.919, -58.9456, -108.619, -1006.58, 446.408, -1647.52, 2013.24, 4483.01, 1651.34, -55655.3, 1117.08, -726.679, -14.2411, 933.591, 545.339, -1159.13, -53.7718, 1744.74, -1362.16, 648.468, -1738.7, -357.322, 422.742, 1007.32, -746.036, 324.231, -487.661, 586.243, 264.828}, {-910.477, -2441.96, -2248.71, -4517.46, -4434.71, -5609.92, -4644.24, 70023.6, -3703.77, -3525.49, -2566.77, -1668.95, -3046.67, -2739.28, -2211.77, -1330.32, -744.973, 40.0892, -1020.11, -479.319, -604.328, 245.543, 3.60562, 182.219, -29.2987, -99.7629, 343.627, -156.405, 117.754, 562.48, -4366.22, -559.449, 259.654, -56919.7, -1259.79, 501.267, 3522.15, -1291.7, 145.791, 543.63, -1026.18, 90.2703, 1356.19, -1878.35, 1011.39, -934.259, -58.4514, 525.767, 630.897, 184.603, 137.786, 300.54}, {-901.463, -2173.52, -2867.76, -3111.51, -3651.17, -5180.42, -4815.08, -3703.77, 69330.7, -2571.92, -4202.87, -2836.11, -2034.37, -2936.26, -1669.21, -2098.28, -1624.18, -1393.54, -176.985, -874.71, -649.883, -661.35, -311.231, 117.699, 74.6386, -68.1393, 101.217, 12.7959, 502.888, -1585.54, 1315.2, -499.871, 954.842, -3195.29, -53838.5, 664.029, 235.774, 1781.03, -1034.6, 353.739, -1087.39, 7.58025, 879.14, -216.238, 24.4946, 640.13, 1673.24, 431.761, 304.097, 586.57, -310.415, 458.095}, {-900.198, -1735., -2740.67, -2378.27, -3597.8, -4081.09, -2768.79, -3525.49, -2571.92, 68957.1, -2955.73, -4671.36, -2980.55, -3594.68, -1706.44, -3274.52, -2680.37, -1593.17, -1126.99, -1091.29, -1172.3, -804., -959.027, -212.681, -46.3682, 114.844, -101.464, -166.034, -1067.34, 131.72, -3173.5, 1459.62, 698.552, -948.004, -2516.79, -52055.2, 836.245, 1382.04, 672.734, -441.606, 1849.98, 1743.6, 1144.56, 2274.15, 781.843, -834.289, 2666.26, 19.5052, 1953.49, -413.129, -545.99, 448.344}, {-558.582, -481.013, -1386.11, -2186.57, -2828.87, -2864.26, -2871.66, -2566.77, -4202.87, -2955.73, 64312.6, -3619.58, -3184.87, -2979.45, -3025.34, -2056.11, -1804.9, -1836.29, -2220.08, -1673.04, -1494.41, -642.905, -1048.17, -889.947, -245.169, 198.44, -635.701, -809.263, -1435.03, 388.936, 3446.97, 366.196, -1593.59, -2637.68, 1222.54, -881.754, -51764.3, 1574.19, 1843.35, 1825.06, 1423.61, 2634.64, -491.809, 1728.59, 2130.52, 1441.8, -644.26, 1431.07, 787.089, 1341.41, -691.613, 194.032}, {-57.6995, -535.473, -650.53, -1615.56, -1603.17, -855.289, -2929.2, -1668.95, -2836.11, -4671.36, -3619.58, 56349.3, -2833.43, -1823.36, -3271.37, -2647.77, -1583.93, -1760.3, -1689.95, -1468.24, -1334.59, -606.95, -727.795, -625.096, -500.141, 79.5356, 392.417, -1069.04, -1281.21, -728.999, 984.059, -3192.98, -882.245, -2946.88, 2831.49, 1565.46, 1940.63, -41571., 1864.28, 2062.56, 1249.51, -1393.19, 646.073, 520.022, 687.466, 1865.92, 1144.01, 525.26, 266.785, 149.977, 410.12, 220.651}, {-273.11, 148.38, -1201.37, -182.658, -1594.65, -2277.16, -3367.56, -3046.67, -2034.37, -2980.55, -3184.87, -2833.43, 53041.3, -1932.32, -2477.52, -2582.28, -1558.33, -2312.92, -1352.06, -1406.72, -686.11, -961.484, -419.034, -484.659, -406.767, -8.53281, -1651.76, -444.196, -529.55, -2415.46, -1714.82, -138.66, -455.733, 716.605, -856.257, -380.699, 2401.26, -132.49, -39545.5, 490.594, 1448.42, 1763.35, 313.433, 1997.74, 720.336, 625.893, 328.563, 856.898, 331.221, -99.0201, 347.601, 354.994}, {-476.259, 1050.02, -1742.39, -1430.8, -834.786, -2175.06, -1043.1, -2739.28, -2936.26, -3594.68, -2979.45, -1823.36, -1932.32, 47273.4, -2045.27, -2056.76, -1970.1, -1890.04, -2013.26, -1181.23, -1150.94, -660.119, -748.917, -349.908, -190.292, -20.1985, 558.101, -1056.49, -1730.68, -310.532, 20.3448, -1808.05, -196.827, 4484.15, 1027.1, -619.419, 1207.29, -534.354, -544.915, -36185.7, 1491.33, 1457.04, 764.813, 1506.86, 1017.02, 447.411, 126.021, 523.349, 1203.04, 393.738, 398.027, 264.28}, {373.772, -856.649, -693.829, 291.409, -1315.48, -1209.56, -1591.91, -2211.77, -1669.21, -1706.44, -3025.34, -3271.37, -2477.52, -2045.27, 43256.8, -2078.94, -2555.43, -2919.35, -2077.59, -1076.98, -1262.52, -1104.73, -768.539, -573.457, -330.371, 61.5602, -624.771, 478.406, -154.669, -2116.71, -1487.09, 457.647, -765.837, -431.364, 657.9, 3017.87, 2472.34, 2018.48, 625.761, 628.091, -32539.5, 760.135, 1190.7, 1200.11, 1211.82, 272.295, 531.141, 1824.5, -406.72, 573.868, 437.338, 217.043}, {150.943, 490.677, -121.088, 238.862, -416.537, 6.20435, -1705.09, -1330.32, -2098.28, -3274.52, -2056.11, -2647.77, -2582.28, -2056.76, -2078.94, 37835.4, -1617.34, -2042.64, -1758.88, -2148.73, -1766.28, -1351.5, -888.794, -806.232, -280.879, 42.0538, -551.887, -1264.36, 727.506, -1300.24, 1181.72, -430.066, -1821.05, 824.002, 610.216, 315.657, 646.481, 270.875, 1264.34, 492.152, 1384.55, -28057.6, 2274.16, 1251.25, 1501.27, 1310.79, 1245.06, 1064.49, 363.701, 507.303, 37.8615, 237.225}, {214.351, 673.631, 540.707, -254.188, -41.2118, 846.681, -682.404, -744.973, -1624.18, -2680.37, -1804.9, -1583.93, -1558.33, -1970.1, -2555.43, -1617.34, 32196., -2333.27, -2349.59, -2233.06, -1479., -1825.37, -1094.26, -890.196, -323.864, 101.175, 252.256, -343.801, -2393.51, -1570.83, -489.711, -3673.14, 962.68, -516.476, -305.1, 2361.94, -453.296, 945.471, 1299.91, 1895.23, 386.585, 2128.11, -24522.9, 498.334, 1385.08, 2793.7, 126.733, 975.355, 108.308, 804.966, 737.22, 87.3616}, {483.15, 1244.12, 1159.95, 520.063, 451.356, -374.999, -180.139, 40.0892, -1393.54, -1593.17, -1836.29, -1760.3, -2312.92, -1890.04, -2919.35, -2042.64, -2333.27, 25239.5, -1447.99, -2229.56, -1469.04, -1836.74, -1106.32, -513.756, -439.61, 44.7266, -898.98, -1758.1, -383.878, 696.42, -640.117, 1484.11, 371.168, -553.133, -1016.75, 1354.78, 1125.6, -558.062, 2308.09, 594.3, 1153.91, 1861.15, 2183.6, -18483.9, 794.146, 470., 2023.88, 719.319, 975.353, 238.367, 190.913, 156.573}, {366.228, 1046.62, 1320.5, 970.358, 706.371, 167.985, 441.273, -1020.11, -176.985, -1126.99, -2220.08, -1689.95, -1352.06, -2013.26, -2077.59, -1758.88, -2349.59, -1447.99, 20468.8, -1446.97, -1610.29, -1310.69, -852.671, -993.551, -410.066, -22.4994, -554.518, -1201.64, -648.586, -172.263, 186.385, -832.319, -575.387, -11.1543, 492.166, 172.527, 1022.46, 1765.5, 406.857, -593.542, 1611.22, 618.927, 1569.36, 1043.87, -15348.7, 1608.07, 1181.91, 1105.81, -16.3763, 1229.72, 180.689, 147.44}, {604.207, 787.646, 1019.61, 982.278, 464.65, 398.972, -175.059, -479.319, -874.71, -1091.29, -1673.04, -1468.24, -1406.72, -1181.23, -1076.98, -2148.73, -2233.06, -2229.56, -1446.97, 16975.4, -1055.96, -1233.67, -893.73, -622.561, -379.848, -127.968, 326.902, -624.114, 556.942, -406.657, -738.738, -895.546, -482.587, 923.337, 1525.05, 823.061, 1870.3, -19.1652, -467.177, 1242.07, 829.28, 1233.98, 1802.3, 1726.12, 792.862, -12713.8, 1484.17, 908.905, 1181.94, -187.106, 544.006, 141.901}, {1082.31, 771.222, 767.501, 1034.42, 671.468, -24.3611, 422.11, -604.328, -649.883, -1172.3, -1494.41, -1334.59, -686.11, -1150.94, -1262.52, -1766.28, -1479., -1469.04, -1610.29, -1055.96, 12797.7, -982.218, -1014.68, -744.34, -184.476, -142.805, -671.707, 382.486, -607.022, -957.338, -543.908, 683.885, 586.589, 683.57, 523.159, -481.713, 798.589, 2466.97, 868.756, 47.5581, 321.745, 933.402, 444.771, 1000.61, 1750.54, 1300.14, -10462.6, 604.348, 679.79, 756.888, 185.409, 164.122}, {531.655, 329.361, 1088.55, 529.983, 944.795, 1007.62, 205.057, 245.543, -661.35, -804., -642.905, -606.95, -961.484, -660.119, -1104.73, -1351.5, -1825.37, -1836.74, -1310.69, -1233.67, -982.218, 9187.55, -847.049, -609.217, -344.673, -146.156, -316.432, 314.303, 180.434, -317.957, -127.752, -569.428, -137.821, 305.224, 1041.5, 1722.49, 239.884, 316.738, 471.729, 628.099, 1149.81, 365.354, 1434.92, 1544.66, 862.901, 638.021, 772.142, -7029.46, 926.304, 90.2455, 90.9005, 159.884}, {417.222, 697.605, 639.535, 845.618, 1041.79, 899.389, 335.296, 3.60562, -311.231, -959.027, -1048.17, -727.795, -419.034, -748.917, -768.539, -888.794, -1094.26, -1106.32, -852.671, -893.73, -1014.68, -847.049, 6437.14, -518.286, -191.436, -241.954, -339.256, -460.568, -269.011, -218.411, -910.205, -93.3467, -460.774, 318.313, 654.816, 979.595, 1266.64, 1276.89, 586.705, 844.022, 589.239, 1058.02, 482.473, 467.696, 332.714, 58.3482, 465.639, 722.938, -4811.33, 451.746, 106.66, 222.424}, {211.659, 449.873, 535.761, 443.952, 833.708, 431.877, 183.919, 182.219, 117.699, -212.681, -889.947, -625.096, -484.659, -349.908, -573.457, -806.232, -890.196, -513.756, -993.551, -622.561, -744.34, -609.217, -518.286, 4537.19, -227.453, -286.422, 133.509, -285.292, -315.165, 208.76, -294.393, 597.043, 700.512, 154.382, -84.2666, 283.295, -156.917, 102.021, 643.345, 811.725, 528.03, 207.049, 748.267, -31.8016, 561.089, 1055.28, 344.889, 183.344, 24.5896, -3005.53, 366.141, 176.196}, {180.637, 589.842, 150.432, 103.216, 127.431, 280.79, -58.9456, -29.2987, 74.6386, -46.3682, -245.169, -500.141, -406.767, -190.292, -330.371, -280.879, -323.864, -439.61, -410.066, -379.848, -184.476, -344.673, -191.436, -227.453, 2876.68, -351.976, -99.0095, -3.52033, -186.907, 294.05, -427.764, 243.318, 548.795, 802.814, -116.286, -264.897, -42.8562, -334.611, 174.735, 351.005, 59.2079, 106.464, 153.814, 225.869, 192.347, 521.074, 533.768, 216.737, 152.746, 107.818, -2068.89, 221.69}, {-262.439, -336.142, -274.552, -282.891, -335.739, -251.998, -108.619, -99.7629, -68.1393, 114.844, 198.44, 79.5356, -8.53281, -20.1985, 61.5602, 42.0538, 101.175, 44.7266, -22.4994, -127.968, -142.805, -146.156, -241.954, -286.422, -351.976, 586.219, 224.506, 245.613, 354.771, 387.791, 628.019, 417.131, 379.574, 220.131, 364.547, 346.261, 330.264, 363.546, 251.626, 287.446, 239.655, 301.412, 90.7906, 152.373, 117.52, 81.3305, 171.703, 135.39, 209.585, 163.798, 226.431, -833.993}, {-14234.4, 735.117, 831.789, 3.08869, -76.0167, 141.257, -1006.58, 343.627, 101.217, -101.464, -635.701, 392.417, -1651.76, 558.101, -624.771, -551.887, 252.256, -898.98, -554.518, 326.902, -671.707, -316.432, -339.256, 133.509, -99.0095, 224.506, 92213.5, -9312.43, -6652.97, -4732., -4390.23, -7178.71, -2095.83, -962.53, -1131.72, 1673.82, 116.469, -1357.99, 3883.07, 3331.91, 1536., -394.47, 1268.56, 4404.61, 2823.46, 1617.71, 3254.25, 1229.4, 1209.25, 675.841, 252.516, -1487.83}, {670.961, -22629.8, 1346.96, 2939.97, -468.67, -133.134, 446.408, -156.405, 12.7959, -166.034, -809.263, -1069.04, -444.196, -1056.49, 478.406, -1264.36, -343.801, -1758.1, -1201.64, -624.114, 382.486, 314.303, -460.568, -285.292, -3.52033, 245.613, -9312.43, 146670., -10108.2, -11937.7, -6195.34, -8132.25, -6052.33, -2434.28, -6115.6, -753.751, 6463.24, 3776.45, 2395.88, -586.005, -118.157, 7851.96, 2698.48, 4539.83, 5383.9, 3840.28, 1506.17, 2446.09, 2698.34, 273.138, 555.921, -1545.42}, {894.874, 83.3556, -32898., 2949.77, -1304.2, 1610.98, -1647.52, 117.754, 502.888, -1067.34, -1435.03, -1281.21, -529.55, -1730.68, -154.669, 727.506, -2393.51, -383.878, -648.586, 556.942, -607.022, 180.434, -269.011, -315.165, -186.907, 354.771, -6652.97, -10108.2, 219705., -12543., -10393.8, -10196.8, -3305.73, -5283.18, 1135.54, -2206.19, -1054.21, 1441.28, -2488.13, 1866.27, 2994.43, 3968.58, 4197.88, 8046.39, 4606.41, -335.91, 904.99, 2714.81, 1320.62, 2124.36, -108.074, -1665.24}, {361.286, 1670.18, 1192.34, -41175.4, -1658.89, 419.445, 2013.24, 562.48, -1585.54, 131.72, 388.936, -728.999, -2415.46, -310.532, -2116.71, -1300.24, -1570.83, 696.42, -172.263, -406.657, -957.338, -317.957, -218.411, 208.76, 294.05, 387.791, -4732., -11937.7, -12543., 273012., -6637.71, -3013.01, -11208.2, -3227.39, -2594.15, -4605.83, -1746.01, -1726.97, 2372.72, 3044.07, 4927.6, -2213.31, 1620.06, 2243.2, 2299.18, 286.066, 5010.32, 3859.75, 2474.5, 762.103, 329.076, -2328.63}, {551.759, -53.2454, -471.236, -538.522, -49782.9, -830.858, 4483.01, -4366.22, 1315.2, -3173.5, 3446.97, 984.059, -1714.82, 20.3448, -1487.09, 1181.72, -489.711, -640.117, 186.385, -738.738, -543.908, -127.752, -910.205, -294.393, -427.764, 628.019, -4390.23, -6195.34, -10393.8, -6637.71, 327823., -9662.17, -13011., -2660.41, -8566.77, -5136.45, 307.227, -3765.5, -999.466, 315.596, 2181.24, 2164.95, 3006.58, 1431.9, 1867.98, 2213.69, 3369.5, 4268.57, 3055.77, 692.219, -278.74, -2681.28}, {197.095, -41.8731, 959.722, -587.008, -728.676, -53547.3, 1651.34, -559.449, -499.871, 1459.62, 366.196, -3192.98, -138.66, -1808.05, 457.647, -430.066, -3673.14, 1484.11, -832.319, -895.546, 683.885, -569.428, -93.3467, 597.043, 243.318, 417.131, -7178.71, -8132.25, -10196.8, -3013.01, -9662.17, 367512., -8455.55, -7638.27, -7938.17, -13001.2, -901.064, 6796.28, -1432.14, -306.436, 1380.15, 3308.7, 2550.16, 212.981, -268.663, -470.676, 1435.81, 2098.54, 906.541, 891.13, -438.973, -2405.52}, {645.116, -1640.44, 376.566, 1671.68, -521.257, 1458.73, -55655.3, 259.654, 954.842, 698.552, -1593.59, -882.245, -455.733, -196.827, -765.837, -1821.05, 962.68, 371.168, -575.387, -482.587, 586.589, -137.821, -460.774, 700.512, 548.795, 379.574, -2095.83, -6052.33, -3305.73, -11208.2, -13011., -8455.55, 384011., -12285.4, -9432.47, -6985.93, -2378.48, -4038.49, -840.77, -6854.46, -5964.34, 4599.07, -7520.18, 2057.76, 2196.48, -4512.58, -1104.4, 384.81, 1735.86, 525.341, 212.866, -2419.56}, {323.132, 1027.85, -418.943, 36.3877, -216.764, -1595.14, 1117.08, -56919.7, -3195.29, -948.004, -2637.68, -2946.88, 716.605, 4484.15, -431.364, 824.002, -516.476, -553.133, -11.1543, 923.337, 683.57, 305.224, 318.313, 154.382, 802.814, 220.131, -962.53, -2434.28, -5283.18, -3227.39, -2660.41, -7638.27, -12285.4, 396415., -5633.13, -8035.37, -11591.8, 1228.92, -2253.76, -6852.57, -5360.6, -6824.72, -3958.53, -200.242, -2918.7, 1258.43, -1778.89, -1794.77, -764.826, 107.157, -599.599, -1944.25}, {494.411, 1371.95, -2182.69, -2759.45, -448.401, 2029.04, -726.679, -1259.79, -53838.5, -2516.79, 1222.54, 2831.49, -856.257, 1027.1, 657.9, 610.216, -305.1, -1016.75, 492.166, 1525.05, 523.159, 1041.5, 654.816, -84.2666, -116.286, 364.547, -1131.72, -6115.6, 1135.54, -2594.15, -8566.77, -7938.17, -9432.47, -5633.13, 384971., -5444.2, -8267.42, -8098.9, -4651.07, -5802.01, -5698.09, -9930.39, -6022.57, -2966.69, -5056.09, -4497.7, -962.791, -2856.2, -2375.44, -2703.69, 369.586, -1709.09}, {-675.477, -342.2, -567.804, -582.231, 1561.83, -728.955, -14.2411, 501.267, 664.029, -52055.2, -881.754, 1565.46, -380.699, -619.419, 3017.87, 315.657, 2361.94, 1354.78, 172.527, 823.061, -481.713, 1722.49, 979.595, 283.295, -264.897, 346.261, 1673.82, -753.751, -2206.19, -4605.83, -5136.45, -13001.2, -6985.93, -8035.37, -5444.2, 361413., -7247.81, -10901.4, -12285.2, -6857.07, -9249.67, -2063.36, -4955.77, -8185.41, -5413.2, -7207.97, -5158.86, -5122.91, -5790.65, -1148.51, -1260.19, -1186.59}, {89.4626, -4158.69, 126.677, -2540.41, -2663.87, -691.001, 933.591, 3522.15, 235.774, 836.245, -51764.3, 1940.63, 2401.26, 1207.29, 2472.34, 646.481, -453.296, 1125.6, 1022.46, 1870.3, 798.589, 239.884, 1266.64, -156.917, -42.8562, 330.264, 116.469, 6463.24, -1054.21, -1746.01, 307.227, -901.064, -2378.48, -11591.8, -8267.42, -7247.81, 343448., -12145.8, -11182.3, -5442.45, -10742.2, -10500.4, -7622.28, -9300.77, -10050.9, -6653.16, -7062.04, -5575.26, -5669.54, -2828.04, 1127.05, -1103.88}, {-708.8, -1610.26, -1626.41, 348.333, -1256.49, -3454.02, 545.339, -1291.7, 1781.03, 1382.04, 1574.19, -41571., -132.49, -534.354, 2018.48, 270.875, 945.471, -558.062, 1765.5, -19.1652, 2466.97, 316.738, 1276.89, 102.021, -334.611, 363.546, -1357.99, 3776.45, 1441.28, -1726.97, -3765.5, 6796.28, -4038.49, 1228.92, -8098.9, -10901.4, -12145.8, 300994., -7986.8, -8372.75, -9847.77, -10447., -8829.85, -7328.18, -4812.58, -3621.2, -9643.97, -6038.05, -4792.07, -3350.8, -1798.01, -657.707}, {-938.995, -711.942, 162.718, -2572.11, 1168.94, -287.692, -1159.13, 145.791, -1034.6, 672.734, 1843.35, 1864.28, -39545.5, -544.915, 625.761, 1264.34, 1299.91, 2308.09, 406.857, -467.177, 868.756, 471.729, 586.705, 643.345, 174.735, 251.626, 3883.07, 2395.88, -2488.13, 2372.72, -999.466, -1432.14, -840.77, -2253.76, -4651.07, -12285.2, -11182.3, -7986.8, 265999., -2912.21, -6827.33, -7485.41, -10643., -9020.17, -4891.78, -4701.29, -5615.9, -3714.9, -2929.67, -2399.3, -1114.95, -1301.86}, {-430.87, -893.185, -1298.7, -1391.47, -1065.6, -2002.82, -53.7718, 543.63, 353.739, -441.606, 1825.06, 2062.56, 490.594, -36185.7, 628.091, 492.152, 1895.23, 594.3, -593.542, 1242.07, 47.5581, 628.099, 844.022, 811.725, 351.005, 287.446, 3331.91, -586.005, 1866.27, 3044.07, 315.596, -306.436, -6854.46, -6852.57, -5802.01, -6857.07, -5442.45, -8372.75, -2912.21, 254047., -5418.36, -9614.18, -7113.5, -8338.76, -8601.73, -7325.09, -4765.69, -4477.33, -3999.55, -3639.21, -1341.3, -1133.12}, {-1231.32, 1807.42, -1836.83, -2595.16, 1414.4, -3686.98, 1744.74, -1026.18, -1087.39, 1849.98, 1423.61, 1249.51, 1448.42, 1491.33, -32539.5, 1384.55, 386.585, 1153.91, 1611.22, 829.28, 321.745, 1149.81, 589.239, 528.03, 59.2079, 239.655, 1536., -118.157, 2994.43, 4927.6, 2181.24, 1380.15, -5964.34, -5360.6, -5698.09, -9249.67, -10742.2, -9847.77, -6827.33, -5418.36, 226945., -7446.07, -8139.01, -9164.18, -10844.4, -3843.31, -5945.69, -7746.89, -4750.69, -2374.27, -1878.99, -925.446}, {396.428, -2827.21, 34.4442, -842.86, -1838.63, 235.871, -1362.16, 90.2703, 7.58025, 1743.6, 2634.64, -1393.19, 1763.35, 1457.04, 760.135, -28057.6, 2128.11, 1861.15, 618.927, 1233.98, 933.402, 365.354, 1058.02, 207.049, 106.464, 301.412, -394.47, 7851.96, 3968.58, -2213.31, 2164.95, 3308.7, 4599.07, -6824.72, -9930.39, -2063.36, -10500.4, -10447., -7485.41, -9614.18, -7446.07, 191978., -13277.5, -10448.6, -6652.57, -4123.57, -5814.88, -6791.32, -5986.19, -3556.41, -1358.41, -989.582}, {-658.401, -347.095, -1109.55, 89.174, -963.492, -30.4878, 648.468, 1356.19, 879.14, 1144.56, -491.809, 646.073, 313.433, 764.813, 1190.7, 2274.16, -24522.9, 2183.6, 1569.36, 1802.3, 444.771, 1434.92, 482.473, 748.267, 153.814, 90.7906, 1268.56, 2698.48, 4197.88, 1620.06, 3006.58, 2550.16, -7520.18, -3958.53, -6022.57, -4955.77, -7622.28, -8829.85, -10643., -7113.5, -8139.01, -13277.5, 163280., -11485.9, -9235.78, -9000.82, -6838.92, -7012.56, -4649.52, -3395.38, -2353.9, -414.52}, {-833.472, -1678.29, -2316.11, 497.308, 678.109, 780.249, -1738.7, -1878.35, -216.238, 2274.15, 1728.59, 520.022, 1997.74, 1506.86, 1200.11, 1251.25, 498.334, -18483.9, 1043.87, 1726.12, 1000.61, 1544.66, 467.696, -31.8016, 225.869, 152.373, 4404.61, 4539.83, 8046.39, 2243.2, 1431.9, 212.981, 2057.76, -200.242, -2966.69, -8185.41, -9300.77, -7328.18, -9020.17, -8338.76, -9164.18, -10448.6, -11485.9, 131311., -9246.56, -5575.61, -8503.75, -6378.96, -5468.39, -3625.07, -1041.15, -737.572}, {-1195.58, -752.555, -1318.2, -621.301, -542.816, 1008.87, -357.322, 1011.39, 24.4946, 781.843, 2130.52, 687.466, 720.336, 1017.02, 1211.82, 1501.27, 1385.08, 794.146, -15348.7, 792.862, 1750.54, 862.901, 332.714, 561.089, 192.347, 117.52, 2823.46, 5383.9, 4606.41, 2299.18, 1867.98, -268.663, 2196.48, -2918.7, -5056.09, -5413.2, -10050.9, -4812.58, -4891.78, -8601.73, -10844.4, -6652.57, -9235.78, -9246.56, 106998., -9333.77, -7109.75, -6958.72, -4113.15, -4179.61, -2186.99, -416.158}, {-597.854, -492.183, 1496.38, 1169.94, -1362.69, 229.268, 422.742, -934.259, 640.13, -834.289, 1441.8, 1865.92, 625.893, 447.411, 272.295, 1310.79, 2793.7, 470., 1608.07, -12713.8, 1300.14, 638.021, 58.3482, 1055.28, 521.074, 81.3305, 1617.71, 3840.28, -335.91, 286.066, 2213.69, -470.676, -4512.58, 1258.43, -4497.7, -7207.97, -6653.16, -3621.2, -4701.29, -7325.09, -3843.31, -4123.57, -9000.82, -5575.61, -9333.77, 80673.9, -5603.73, -5420.18, -2255.7, -5368.74, -3696.07, -350.632}, {-740.026, 499.436, -583.872, -499.219, -357.519, -1806.04, 1007.32, -58.4514, 1673.24, 2666.26, -644.26, 1144.01, 328.563, 126.021, 531.141, 1245.06, 126.733, 2023.88, 1181.91, 1484.17, -10462.6, 772.142, 465.639, 344.889, 533.768, 171.703, 3254.25, 1506.17, 904.99, 5010.32, 3369.5, 1435.81, -1104.4, -1778.89, -962.791, -5158.86, -7062.04, -9643.97, -5615.9, -4765.69, -5945.69, -5814.88, -6838.92, -8503.75, -7109.75, -5603.73, 69601.1, -4380.92, -5430.92, -1960.27, -2736.12, -1117.47}, {245.918, -413.733, -426.213, -864.052, -453.481, 264.377, -746.036, 525.767, 431.761, 19.5052, 1431.07, 525.26, 856.898, 523.349, 1824.5, 1064.49, 975.355, 719.319, 1105.81, 908.905, 604.348, -7029.46, 722.938, 183.344, 216.737, 135.39, 1229.4, 2446.09, 2714.81, 3859.75, 4268.57, 2098.54, 384.81, -1794.77, -2856.2, -5122.91, -5575.26, -6038.05, -3714.9, -4477.33, -7746.89, -6791.32, -7012.56, -6378.96, -6958.72, -5420.18, -4380.92, 48361.9, -3859.95, -2762.86, -1039.44, -1119.27}, {-53.3721, -676.158, -723.39, -69.1029, 275.8, -412.925, 324.231, 630.897, 304.097, 1953.49, 787.089, 266.785, 331.221, 1203.04, -406.72, 363.701, 108.308, 975.353, -16.3763, 1181.94, 679.79, 926.304, -4811.33, 24.5896, 152.746, 209.585, 1209.25, 2698.34, 1320.62, 2474.5, 3055.77, 906.541, 1735.86, -764.826, -2375.44, -5790.65, -5669.54, -4792.07, -2929.67, -3999.55, -4750.69, -5986.19, -4649.52, -5468.39, -4113.15, -2255.7, -5430.92, -3859.95, 33939.9, -1593.1, -1071.9, -1462.08}, {201.333, 183.594, 220.341, -528.428, -263.978, 704.011, -487.661, 184.603, 586.57, -413.129, 1341.41, 149.977, -99.0201, 393.738, 573.868, 507.303, 804.966, 238.367, 1229.72, -187.106, 756.888, 90.2455, 451.746, -3005.53, 107.818, 163.798, 675.841, 273.138, 2124.36, 762.103, 692.219, 891.13, 525.341, 107.157, -2703.69, -1148.51, -2828.04, -3350.8, -2399.3, -3639.21, -2374.27, -3556.41, -3395.38, -3625.07, -4179.61, -5368.74, -1960.27, -2762.86, -1593.1, 21002.8, -879.946, -1348.79}, {-32.7166, -223.163, 419.047, 719.852, -314.09, -106.04, 586.243, 137.786, -310.415, -545.99, -691.613, 410.12, 347.601, 398.027, 437.338, 37.8615, 737.22, 190.913, 180.689, 544.006, 185.409, 90.9005, 106.66, 366.141, -2068.89, 226.431, 252.516, 555.921, -108.074, 329.076, -278.74, -438.973, 212.866, -599.599, 369.586, -1260.19, 1127.05, -1798.01, -1114.95, -1341.3, -1878.99, -1358.41, -2353.9, -1041.15, -2186.99, -3696.07, -2736.12, -1039.44, -1071.9, -879.946, 15347., -1777.67}, {293.355, 406.185, 252.843, 396.624, 599.852, 357.552, 264.828, 300.54, 458.095, 448.344, 194.032, 220.651, 354.994, 264.28, 217.043, 237.225, 87.3616, 156.573, 147.44, 141.901, 164.122, 159.884, 222.424, 176.196, 221.69, -833.993, -1487.83, -1545.42, -1665.24, -2328.63, -2681.28, -2405.52, -2419.56, -1944.25, -1709.09, -1186.59, -1103.88, -657.707, -1301.86, -1133.12, -925.446, -989.582, -414.52, -737.572, -416.158, -350.632, -1117.47, -1119.27, -1462.08, -1348.79, -1777.67, 4661.09}};

  /*********
  *  NEOS  *
  **********/

